index,0,1,2
26457,0.11983925230934585,0.19727127911234907,0.6828894685783052
26458,0.11544861389712913,0.20141595241847532,0.6831354336843954
26459,0.09069129898346019,0.2008892041147925,0.7084194969017473
26460,0.12317138629241058,0.19830463406325455,0.678523979644335
26461,0.10263088534934724,0.21359711857755745,0.683771996073095
26462,0.10794024925333574,0.24652027403851498,0.645539476708149
26463,0.11976559806737208,0.17949070635453845,0.7007436955780892
26464,0.11808122093864785,0.2090908877225035,0.6728278913388486
26465,0.09063012941059494,0.1821466688861497,0.7272232017032556
26466,0.10679841577866271,0.24439674556644958,0.6488048386548877
26467,0.11889151824223823,0.23558043211842059,0.6455280496393412
26468,0.10259822911447933,0.2193298898019807,0.6780718810835401
26469,0.1186414521966737,0.22007770001154253,0.6612808477917838
26470,0.12357386381332072,0.2095980476824665,0.6668280885042125
26471,0.10404974592634286,0.20793099842567608,0.6880192556479809
26472,0.11377705440963663,0.22768354045196593,0.6585394051383974
26473,0.10404974592634286,0.20793099842567608,0.6880192556479809
26474,0.11889151824223823,0.23558043211842059,0.6455280496393412
26475,0.11838043672447356,0.2479527156827901,0.6336668475927365
26476,0.10213033982522587,0.24794767057827807,0.6499219895964963
26477,0.09499266048644389,0.2103975642571343,0.6946097752564218
26478,0.12214233735236457,0.19952790145408889,0.6783297611935465
26479,0.10979620747855323,0.20436755117969607,0.6858362413417507
26480,0.10953615068912918,0.22007375526931158,0.6703900940415591
26481,0.11527726599998231,0.2317193509450815,0.6530033830549359
26482,0.09817943963464203,0.2040073359050795,0.6978132244602783
26483,0.09090095405388396,0.21374894920393311,0.695350096742183
26484,0.10355746347730241,0.2461292207577026,0.6503133157649948
26485,0.09453505484448413,0.1919429681489473,0.7135219770065684
26486,0.12357386381332072,0.2095980476824665,0.6668280885042125
26487,0.10408907135387195,0.1803200657157486,0.7155908629303795
26488,0.11654571706955749,0.2392490994980952,0.6442051834323472
26489,0.11227857156366561,0.22597532143619442,0.6617461070001398
26490,0.1104303534589299,0.2561410124469612,0.6334286340941088
26491,0.09069129898346019,0.2008892041147925,0.7084194969017473
26492,0.10889900768940963,0.1892222960345133,0.7018786962760771
26493,0.1070519011628523,0.2266547368949055,0.6662933619422422
26494,0.10995533471980032,0.18707425265799732,0.7029704126222023
26495,0.10043139004344621,0.19392131226196724,0.7056472976945867
26496,0.11227857156366561,0.22597532143619442,0.6617461070001398
26497,0.11478495211633608,0.27695145015238626,0.6082635977312775
26498,0.10276187148952823,0.25191274981674683,0.6453253786937252
26499,0.10404974592634286,0.20793099842567608,0.6880192556479809
26500,0.1191940111328462,0.21869751200364768,0.6621084768635062
26501,0.12082943358038038,0.19839009222898088,0.6807804741906387
26502,0.10815474205437339,0.22032657945903006,0.6715186784865965
26503,0.11883278071327985,0.23387382535186632,0.6472933939348537
26504,0.11267232138033778,0.2342028603309249,0.6531248182887375
26505,0.10890371238867533,0.22643451356274116,0.6646617740485835
26506,0.10451156545106906,0.20282355377819122,0.6926648807707396
26507,0.09724562131249742,0.22010412422643735,0.6826502544610652
26508,0.10832292524330862,0.23056367674488412,0.6611133980118071
26509,0.11359502184525475,0.23038367791867448,0.6560213002360709
26510,0.12126053182711913,0.19648419275751344,0.6822552754153675
26511,0.11145047716293202,0.1933809479228589,0.6951685749142089
26512,0.11857114528628576,0.23158888560259472,0.6498399691111193
26513,0.10112473677613436,0.24715387425860563,0.65172138896526
26514,0.10368381296531422,0.19713135968391465,0.6991848273507713
26515,0.11424577850780444,0.1950418206895937,0.690712400802602
26516,0.11227857156366561,0.22597532143619442,0.6617461070001398
26517,0.11229631810762941,0.21194776242638627,0.6757559194659842
26518,0.09499266048644389,0.2103975642571343,0.6946097752564218
26519,0.11654571706955749,0.2392490994980952,0.6442051834323472
26520,0.08800850444275676,0.21901084687219954,0.6929806486850437
26521,0.12635457513095724,0.2130069561699482,0.6606384686990945
26522,0.10373616811318301,0.22227170017484116,0.6739921317119758
26523,0.09499266048644389,0.2103975642571343,0.6946097752564218
26524,0.11177013157327158,0.2687442346808688,0.6194856337458597
26525,0.10404974592634286,0.20793099842567608,0.6880192556479809
26526,0.09499266048644389,0.2103975642571343,0.6946097752564218
26527,0.11852131309888365,0.20447277274334405,0.6770059141577726
26528,0.10471611470658851,0.21999451979463608,0.6752893654987755
26529,0.10613048863587742,0.2007387520077002,0.6931307593564222
26530,0.11971495027578634,0.2140569313932612,0.6662281183309525
26531,0.12397028353685033,0.24869123793141767,0.627338478531732
26532,0.10404974592634286,0.20793099842567608,0.6880192556479809
26533,0.11758498884057711,0.2265334973366515,0.6558815138227712
26534,0.10147732903308934,0.1997685051553782,0.6987541658115324
26535,0.10826313074655754,0.22103193895786238,0.6707049302955801
26536,0.1034393880579477,0.20294179169730478,0.6936188202447473
26537,0.11870628762947918,0.205774890138108,0.6755188222324128
26538,0.10608603272045032,0.20891441438749067,0.6849995528920589
26539,0.10404974592634286,0.20793099842567608,0.6880192556479809
26540,0.09960867078532828,0.24303305323005428,0.6573582759846174
26541,0.10404974592634286,0.20793099842567608,0.6880192556479809
26542,0.12461027829328138,0.2445204681417926,0.630869253564926
26543,0.10616712880998078,0.2171317959924437,0.6767010751975754
26544,0.12275423102562384,0.2276987475863855,0.6495470213879908
26545,0.10063275430847343,0.18802225161130057,0.711344994080226
26546,0.10823637236888368,0.23547450493172417,0.6562891226993921
26547,0.11897556195102617,0.2222124299796458,0.6588120080693278
26548,0.10710544194426055,0.20745677994033346,0.685437778115406
26549,0.10517041249783113,0.23660763503368126,0.6582219524684874
26550,0.09711468813996103,0.2085148054057789,0.69437050645426
26551,0.11990154243716526,0.22149417029114127,0.6586042872716933
26552,0.0978460899616094,0.23046638230667837,0.6716875277317121
26553,0.11529787220201855,0.20735258832802034,0.677349539469961
26554,0.09724974083974533,0.2248114034915763,0.6779388556686784
26555,0.09695297717746629,0.23628965318156542,0.666757369640968
26556,0.12040365343974033,0.2540290290377289,0.6255673175225307
26557,0.10854759875163403,0.19783773674547947,0.6936146645028864
26558,0.09877487544956298,0.18556301531445088,0.7156621092359862
26559,0.11511358831581572,0.20873344323158033,0.6761529684526039
26560,0.10383322766673583,0.23241692599329303,0.6637498463399711
26561,0.10715059280922416,0.22240430234714137,0.6704451048436344
26562,0.10772100017932815,0.21628698344354547,0.6759920163771265
26563,0.119431737901413,0.19493536531367184,0.685632896784915
26564,0.10373107595331307,0.21372658048834653,0.6825423435583404
26565,0.09810748818306166,0.2571094934512723,0.644783018365666
26566,0.1100167676094613,0.19003426642476445,0.6999489659657743
26567,0.10404974592634286,0.20793099842567608,0.6880192556479809
26568,0.11513955264656502,0.1955143723454006,0.6893460750080345
26569,0.10687190734263097,0.2218319655092485,0.6712961271481205
26570,0.1078964060864728,0.22396013735062104,0.668143456562906
26571,0.12076438231013535,0.20373982080017256,0.6754957968896921
26572,0.09724562131249742,0.22010412422643735,0.6826502544610652
26573,0.11824313161842297,0.20583398037161235,0.6759228880099647
26574,0.12484091872520986,0.19980585745937668,0.6753532238154134
26575,0.11994921114299525,0.23147436668529364,0.6485764221717112
26576,0.10544577397070358,0.21287779921809197,0.6816764268112043
26577,0.10890371238867533,0.22643451356274116,0.6646617740485835
26578,0.09931605026593193,0.21483300668776714,0.6858509430463007
26579,0.10314022897607673,0.25919786665508016,0.6376619043688431
26580,0.10207258227925138,0.2229892983300333,0.6749381193907152
26581,0.09988125821729281,0.19791437275949633,0.7022043690232108
26582,0.11359502184525475,0.23038367791867448,0.6560213002360709
26583,0.10147732903308934,0.1997685051553782,0.6987541658115324
26584,0.10843517004464483,0.20705170168568215,0.6845131282696728
26585,0.11469395272331595,0.2140671866269464,0.6712388606497376
26586,0.11479432929736248,0.21422482012347385,0.6709808505791635
26587,0.12605366503476806,0.24617304922698785,0.627773285738244
26588,0.0954646298907814,0.22884383170677797,0.6756915384024406
26589,0.11227857156366561,0.22597532143619442,0.6617461070001398
26590,0.12195124751207846,0.22125870964955668,0.6567900428383647
26591,0.10351366223697991,0.2269705096145996,0.6695158281484206
26592,0.12071221085945119,0.23371711169846615,0.6455706774420826
26593,0.10273746083572133,0.21486095475514827,0.6824015844091302
26594,0.1052182999565203,0.2437176335426679,0.6510640665008116
26595,0.09711468813996103,0.2085148054057789,0.69437050645426
26596,0.10704698028725948,0.2381749264436485,0.6547780932690921
26597,0.11422561903996038,0.22782897382880246,0.6579454071312371
26598,0.10273746083572133,0.21486095475514827,0.6824015844091302
26599,0.1117966718133769,0.21100068530463106,0.6772026428819921
26600,0.11102314923543948,0.24221102139929074,0.6467658293652697
26601,0.09499266048644389,0.2103975642571343,0.6946097752564218
26602,0.11871671856678581,0.18104151343747285,0.7002417679957414
26603,0.1166413500937874,0.21834577923174386,0.6650128706744686
26604,0.1104303534589299,0.2561410124469612,0.6334286340941088
26605,0.10404974592634286,0.20793099842567608,0.6880192556479809
26606,0.10196880926826368,0.23012557137432407,0.6679056193574122
26607,0.10995533471980032,0.18707425265799732,0.7029704126222023
26608,0.10652428591232888,0.2527651956282274,0.6407105184594436
26609,0.12645749404697054,0.21614234403971938,0.6574001619133101
26610,0.10586473569618662,0.21015560025670782,0.6839796640471058
26611,0.10344729439836017,0.22604635595734815,0.6705063496442916
26612,0.12367482185880926,0.24117386694767715,0.6351513111935135
26613,0.10422504840736393,0.22078385928186664,0.6749910923107695
26614,0.1070519011628523,0.2266547368949055,0.6662933619422422
26615,0.10816376052186025,0.19581974455771506,0.6960164949204246
26616,0.12486717329613936,0.21175773277331067,0.6633750939305499
26617,0.12538361518105784,0.19988733410224618,0.6747290507166961
26618,0.11808122093864785,0.2090908877225035,0.6728278913388486
26619,0.11044295941171467,0.28189749720949353,0.6076595433787917
26620,0.10404974592634286,0.20793099842567608,0.6880192556479809
26621,0.11756368891276008,0.22453374690730343,0.6579025641799363
26622,0.09451901597659018,0.2054730179441285,0.7000079660792811
26623,0.09069129898346019,0.2008892041147925,0.7084194969017473
26624,0.09724562131249742,0.22010412422643735,0.6826502544610652
26625,0.10404974592634286,0.20793099842567608,0.6880192556479809
26626,0.10321599097768823,0.18282433633659576,0.7139596726857157
26627,0.11647302978895668,0.2371547366582536,0.6463722335527897
26628,0.10890353238520536,0.23659290621050783,0.6545035614042869
26629,0.12460524280732235,0.20029586904097102,0.6750988881517068
26630,0.11071770075526213,0.25082926819126294,0.6384530310534748
26631,0.11073886825350374,0.2029381073996328,0.6863230243468634
26632,0.11497690531910491,0.21059034436089244,0.6744327503200025
26633,0.10584544700076974,0.21262315098486476,0.6815314020143655
26634,0.10422107185105098,0.20136874793741116,0.6944101802115377
26635,0.10715028747035486,0.21310650891434588,0.6797432036152992
26636,0.10342131335817506,0.22637141341932443,0.6702072732225004
26637,0.10940253969882689,0.2192051717408267,0.6713922885603463
26638,0.1164440015663694,0.23381077851773982,0.6497452199158907
26639,0.09842946476500487,0.2247468546453998,0.6768236805895953
26640,0.10137216861306139,0.20218676176432476,0.6964410696226139
26641,0.11110177742662067,0.22151323317873822,0.667384989394641
26642,0.10698749113429533,0.18463127766514267,0.708381231200562
26643,0.10391756662975185,0.2117001892588406,0.6843822441114074
26644,0.09479799113933966,0.2092628648464459,0.6959391440142145
26645,0.09724974083974533,0.2248114034915763,0.6779388556686784
26646,0.1312056405040913,0.19462379078688324,0.6741705687090255
26647,0.12045432994990649,0.22315430396312333,0.65639136608697
26648,0.11042570350313712,0.18657280581580138,0.7030014906810613
26649,0.10613048863587742,0.2007387520077002,0.6931307593564222
26650,0.1015841671077953,0.20983581620892638,0.6885800166832782
26651,0.11928969253363705,0.23168213316491898,0.6490281743014441
26652,0.11512933944308539,0.21280192511109886,0.6720687354458157
26653,0.11663869849296257,0.2053148051821375,0.6780464963249001
26654,0.1052182999565203,0.2437176335426679,0.6510640665008116
26655,0.09069129898346019,0.2008892041147925,0.7084194969017473
26656,0.10715059280922416,0.22240430234714137,0.6704451048436344
26657,0.10890371238867533,0.22643451356274116,0.6646617740485835
26658,0.09499266048644389,0.2103975642571343,0.6946097752564218
26659,0.10523469226754836,0.2075915017105257,0.6871738060219258
26660,0.10415776618710719,0.2024238071764398,0.693418426636453
26661,0.10477763925325076,0.21370267092944104,0.6815196898173081
26662,0.08977005109304956,0.208281189967272,0.7019487589396786
26663,0.11600893501664658,0.20254583813730792,0.6814452268460455
26664,0.10932016608850799,0.2631561905227909,0.627523643388701
26665,0.11275150687509919,0.2441239504464118,0.643124542678489
26666,0.10467233200775179,0.25413380474559805,0.6411938632466502
26667,0.10404974592634286,0.20793099842567608,0.6880192556479809
26668,0.1086676834184955,0.22099642843578193,0.6703358881457225
26669,0.11071770075526213,0.25082926819126294,0.6384530310534748
26670,0.11268636650774763,0.21358567516673727,0.673727958325515
26671,0.10995533471980032,0.18707425265799732,0.7029704126222023
26672,0.11222261024778316,0.22657255038189042,0.6612048393703265
26673,0.1291005318223043,0.23522421370989788,0.6356752544677977
26674,0.12076438231013535,0.20373982080017256,0.6754957968896921
26675,0.11072551783264688,0.22538998233419436,0.6638844998331587
26676,0.09493942035757924,0.24561783978200674,0.6594427398604137
26677,0.09952561397375635,0.21121658868981133,0.6892577973364322
26678,0.10763380282601501,0.2039899033843664,0.6883762937896185
26679,0.11189939010531731,0.211355436059451,0.6767451738352316
26680,0.11688235850536817,0.2367773154742939,0.646340326020338
26681,0.11027629056873992,0.21301640305424002,0.6767073063770199
26682,0.10404974592634286,0.20793099842567608,0.6880192556479809
26683,0.12040365343974033,0.2540290290377289,0.6255673175225307
26684,0.09711468813996103,0.2085148054057789,0.69437050645426
26685,0.103936244233642,0.23995384487109153,0.6561099108952664
26686,0.09499266048644389,0.2103975642571343,0.6946097752564218
26687,0.10404974592634286,0.20793099842567608,0.6880192556479809
26688,0.104243517566462,0.2098041428701482,0.6859523395633899
26689,0.09499266048644389,0.2103975642571343,0.6946097752564218
26690,0.10377981108504744,0.19745373977221908,0.6987664491427334
26691,0.1109830577336254,0.23397189722305245,0.6550450450433218
26692,0.09090095405388396,0.21374894920393311,0.695350096742183
26693,0.10474390908592908,0.24204855994587854,0.6532075309681924
26694,0.10137216861306139,0.20218676176432476,0.6964410696226139
26695,0.10590292520800486,0.20823598742100788,0.685861087370987
26696,0.10404974592634286,0.20793099842567608,0.6880192556479809
26697,0.12086581272708759,0.22332663312793294,0.6558075541449794
26698,0.11227857156366561,0.22597532143619442,0.6617461070001398
26699,0.10152983511601446,0.23336796050536462,0.6651022043786207
26700,0.10109825206856907,0.21103036308558654,0.6878713848458442
26701,0.10255888940282669,0.21700500117189994,0.6804361094252735
26702,0.10693297684226226,0.25474813205057323,0.6383188911071644
26703,0.11563935720852359,0.2434669934941621,0.6408936492973143
26704,0.12125515340733603,0.21538274055562795,0.6633621060370359
26705,0.10602576594537667,0.21557579640580574,0.6783984376488176
26706,0.1075142781332735,0.214116864329469,0.6783688575372575
26707,0.11369260752858686,0.2036108529261303,0.6826965395452829
26708,0.11422561903996038,0.22782897382880246,0.6579454071312371
26709,0.12460524280732235,0.20029586904097102,0.6750988881517068
26710,0.10404974592634286,0.20793099842567608,0.6880192556479809
26711,0.10772100017932815,0.21628698344354547,0.6759920163771265
26712,0.11746278145737903,0.22214953521331782,0.6603876833293032
26713,0.11886973067093709,0.23214192603618505,0.6489883432928779
26714,0.1030212721584293,0.24986351515406868,0.6471152126875019
26715,0.10060237959925664,0.21655444813685448,0.6828431722638887
26716,0.11046248462769839,0.23461785941211688,0.6549196559601848
26717,0.11172653598951196,0.2014757539819755,0.6867977100285125
26718,0.10830713054999228,0.21467462248122207,0.6770182469687855
26719,0.10945001932706414,0.2386074833039852,0.6519424973689507
26720,0.09956693848103967,0.214231142978216,0.6862019185407442
26721,0.11182401117191172,0.20650600862135365,0.6816699802067345
26722,0.09451901597659018,0.2054730179441285,0.7000079660792811
26723,0.1152181755852995,0.1980784663725475,0.6867033580421529
26724,0.11233782585324785,0.20189466183902857,0.6857675123077235
26725,0.10112473677613436,0.24715387425860563,0.65172138896526
26726,0.09069129898346019,0.2008892041147925,0.7084194969017473
26727,0.10259822911447933,0.2193298898019807,0.6780718810835401
26728,0.09842946476500487,0.2247468546453998,0.6768236805895953
26729,0.10933951552826868,0.22113010556631857,0.6695303789054128
26730,0.12022336866698438,0.2215535435552037,0.6582230877778118
26731,0.11119054263553782,0.19665635580568647,0.6921531015587757
26732,0.10940253969882689,0.2192051717408267,0.6713922885603463
26733,0.10528611300597786,0.2040000023736331,0.6907138846203889
26734,0.11983925230934585,0.19727127911234907,0.6828894685783052
26735,0.10802271218071605,0.2268846389155769,0.665092648903707
26736,0.09358049269272309,0.19601955662112966,0.7103999506861473
26737,0.11126588803736844,0.20403769424437815,0.6846964177182534
26738,0.10537982378664217,0.23200681295026482,0.6626133632630931
26739,0.11267671107235726,0.181658430610169,0.7056648583174736
26740,0.09813118655272894,0.24703236725740854,0.6548364461898625
26741,0.10477763925325076,0.21370267092944104,0.6815196898173081
26742,0.09338719089111173,0.2096942108646202,0.6969185982442678
26743,0.10273746083572133,0.21486095475514827,0.6824015844091302
26744,0.11221637389529782,0.21466802383502973,0.6731156022696723
26745,0.10404974592634286,0.20793099842567608,0.6880192556479809
26746,0.10301594173461193,0.22785479832837705,0.669129259937011
26747,0.10680853334468784,0.23711496377475832,0.6560765028805535
26748,0.09988125821729281,0.19791437275949633,0.7022043690232108
26749,0.0954646298907814,0.22884383170677797,0.6756915384024406
26750,0.1072273156502361,0.20214929438750473,0.6906233899622591
26751,0.1123753981503195,0.2420607954510589,0.6455638063986218
26752,0.1112520190196449,0.21924970193129006,0.6694982790490652
26753,0.11227857156366561,0.22597532143619442,0.6617461070001398
26754,0.11562621781946163,0.20410513600028998,0.6802686461802484
26755,0.10744897147855288,0.21184808073525985,0.6807029477861872
26756,0.09809982680119891,0.2203864344780347,0.681513738720766
26757,0.09499266048644389,0.2103975642571343,0.6946097752564218
26758,0.10371412790927334,0.1800582596880707,0.7162276124026559
26759,0.11326578823285252,0.26303068425759657,0.6237035275095507
26760,0.10718107543598202,0.23967347673564537,0.6531454478283724
26761,0.11174016233897241,0.21670896459008984,0.6715508730709376
26762,0.09499266048644389,0.2103975642571343,0.6946097752564218
26763,0.10078940868459522,0.22324859190209817,0.6759619994133066
26764,0.10259822911447933,0.2193298898019807,0.6780718810835401
26765,0.12134294887414845,0.19162991397545442,0.687027137150397
26766,0.11414373881323106,0.23773319515321023,0.6481230660335587
26767,0.09574347748176137,0.20750588787045238,0.696750634647786
26768,0.10823637236888368,0.23547450493172417,0.6562891226993921
26769,0.10377981108504744,0.19745373977221908,0.6987664491427334
26770,0.11573489019630714,0.2210004408381915,0.6632646689655013
26771,0.10744330892518936,0.25232759328413024,0.6402290977906802
26772,0.10205806284043564,0.20942016736909402,0.6885217697904701
26773,0.12327070924668207,0.19195079716019273,0.6847784935931251
26774,0.11686242384716147,0.2271014683419673,0.6560361078108712
26775,0.10804322677094617,0.2294788518256894,0.6624779214033645
26776,0.1110721792314638,0.22223762482257245,0.6666901959459638
26777,0.1018315524443957,0.18030106599194134,0.7178673815636628
26778,0.11824313161842297,0.20583398037161235,0.6759228880099647
26779,0.09069129898346019,0.2008892041147925,0.7084194969017473
26780,0.11441830724976894,0.2511081447984182,0.6344735479518129
26781,0.09558572510961882,0.20108568473054697,0.7033285901598341
26782,0.12099999202460962,0.19690025413917392,0.6820997538362166
26783,0.11127070454677654,0.21662144794956545,0.6721078475036579
26784,0.12134294887414845,0.19162991397545442,0.687027137150397
26785,0.0954646298907814,0.22884383170677797,0.6756915384024406
26786,0.11308880240468004,0.2342174848893992,0.6526937127059207
26787,0.11968015992963002,0.21657215671898816,0.6637476833513818
26788,0.11488481458052657,0.2321350293256786,0.6529801560937948
26789,0.10733968444745656,0.21692682679685063,0.6757334887556927
26790,0.11591238395111343,0.24205803909148793,0.6420295769573986
26791,0.09711468813996103,0.2085148054057789,0.69437050645426
26792,0.1093228626209832,0.21780681632308863,0.6728703210559281
26793,0.11990154243716526,0.22149417029114127,0.6586042872716933
26794,0.10377981108504744,0.19745373977221908,0.6987664491427334
26795,0.09499266048644389,0.2103975642571343,0.6946097752564218
26796,0.10066764628338687,0.1893565572289189,0.7099757964876943
26797,0.11830102456461153,0.23892065419999514,0.6427783212353932
26798,0.11306426752522244,0.21864208237829658,0.6682936500964809
26799,0.10404974592634286,0.20793099842567608,0.6880192556479809
26800,0.09902555877830002,0.24739387023496792,0.6535805709867322
26801,0.1086676834184955,0.22099642843578193,0.6703358881457225
26802,0.09655535463904012,0.21403333821484657,0.6894113071461132
26803,0.09069129898346019,0.2008892041147925,0.7084194969017473
26804,0.09774295839094718,0.22671145914456145,0.6755455824644911
26805,0.10737981365640639,0.21943682569387915,0.6731833606497143
26806,0.12027311237907574,0.2135914220159246,0.6661354656049996
26807,0.10794024925333574,0.24652027403851498,0.645539476708149
26808,0.10659392185318758,0.2319791141269505,0.6614269640198618
26809,0.10613048863587742,0.2007387520077002,0.6931307593564222
26810,0.08977005109304956,0.208281189967272,0.7019487589396786
26811,0.10962370707017766,0.212690418467107,0.6776858744627153
26812,0.12357386381332072,0.2095980476824665,0.6668280885042125
26813,0.11478789301466016,0.21715098136588837,0.6680611256194513
26814,0.119431737901413,0.19493536531367184,0.685632896784915
26815,0.09869705650451249,0.18601866792807636,0.7152842755674111
26816,0.10147732903308934,0.1997685051553782,0.6987541658115324
26817,0.1034393880579477,0.20294179169730478,0.6936188202447473
26818,0.10063275430847343,0.18802225161130057,0.711344994080226
26819,0.12484733143059548,0.2156578875391122,0.6594947810302922
26820,0.09499266048644389,0.2103975642571343,0.6946097752564218
26821,0.10890371238867533,0.22643451356274116,0.6646617740485835
26822,0.09711468813996103,0.2085148054057789,0.69437050645426
26823,0.10713752811956523,0.26076267249017593,0.6320997993902591
26824,0.10417241917898709,0.22899364282818485,0.666833937992828
26825,0.12944951286231715,0.24390055495903748,0.6266499321786453
26826,0.10823637236888368,0.23547450493172417,0.6562891226993921
26827,0.11803938670924552,0.23239298414289317,0.6495676291478611
26828,0.10277063479245008,0.21679048516561358,0.6804388800419362
26829,0.10882971408220923,0.18277595314288636,0.7083943327749044
26830,0.1208899397897916,0.23469848345537353,0.6444115767548348
26831,0.12294251732176287,0.2212814711598535,0.6557760115183836
26832,0.10415776618710719,0.2024238071764398,0.693418426636453
26833,0.11575621812591885,0.20016047983550012,0.6840833020385809
26834,0.11092700192074034,0.24752925226809358,0.641543745811166
26835,0.11339991018440995,0.2014302570043191,0.6851698328112708
26836,0.10341287374655117,0.20940285353540763,0.6871842727180408
26837,0.09902102512651437,0.216075541141171,0.6849034337323144
26838,0.10704698028725948,0.2381749264436485,0.6547780932690921
26839,0.11870844806633182,0.2138751728319627,0.6674163791017056
26840,0.11940536346075173,0.2269405870006675,0.6536540495385808
26841,0.10583579513629435,0.2144765015899499,0.6796877032737558
26842,0.10774851792187212,0.23438403436367633,0.6578674477144516
26843,0.10989259662468678,0.21383236441962516,0.676275038955688
26844,0.10301594173461193,0.22785479832837705,0.669129259937011
26845,0.13156881989052477,0.21844608831154005,0.6499850917979351
26846,0.09724974083974533,0.2248114034915763,0.6779388556686784
26847,0.11742094269296854,0.20246001418075094,0.6801190431262804
26848,0.09358049269272309,0.19601955662112966,0.7103999506861473
26849,0.09711468813996103,0.2085148054057789,0.69437050645426
26850,0.10422107185105098,0.20136874793741116,0.6944101802115377
26851,0.09284083765633704,0.21135770424108524,0.6958014581025773
26852,0.10400866571537348,0.21723222192875524,0.6787591123558714
26853,0.09330920303424814,0.21283800084664795,0.6938527961191038
26854,0.11044295941171467,0.28189749720949353,0.6076595433787917
26855,0.10823637236888368,0.23547450493172417,0.6562891226993921
26856,0.11017870625390236,0.23796340192544158,0.651857891820656
26857,0.11511358831581572,0.20873344323158033,0.6761529684526039
26858,0.11575582148652933,0.25008513560352374,0.634159042909947
26859,0.10715059280922416,0.22240430234714137,0.6704451048436344
26860,0.11483659215518331,0.2609202339786294,0.6242431738661873
26861,0.10752498673292706,0.22868564190901552,0.6637893713580574
26862,0.10897087620753516,0.2007924775576276,0.6902366462348372
26863,0.1109830577336254,0.23397189722305245,0.6550450450433218
26864,0.1172956278380888,0.24369561695153794,0.6390087552103734
26865,0.12660541172800102,0.194854894626903,0.6785396936450958
26866,0.12294251732176287,0.2212814711598535,0.6557760115183836
26867,0.10613048863587742,0.2007387520077002,0.6931307593564222
26868,0.1156094574304816,0.21512795194752216,0.6692625906219962
26869,0.1150203587994774,0.16599314335376944,0.718986497846753
26870,0.11862438871498797,0.20397383901212773,0.6774017722728843
26871,0.10404974592634286,0.20793099842567608,0.6880192556479809
26872,0.09700959816858551,0.20002268283407276,0.7029677189973416
26873,0.10967669777018525,0.23056673018098914,0.6597565720488257
26874,0.09711468813996103,0.2085148054057789,0.69437050645426
26875,0.10344068899267664,0.23939564632413682,0.6571636646831864
26876,0.11353702651087123,0.2399073111869467,0.646555662302182
26877,0.10304088951667797,0.21685933988638356,0.6800997705969384
26878,0.1233498760126803,0.24062464873101072,0.6360254752563088
26879,0.1118740256756954,0.21638698139393084,0.6717389929303736
26880,0.10116129045622704,0.199136914186515,0.6997017953572577
26881,0.10890353238520536,0.23659290621050783,0.6545035614042869
26882,0.11965616439380158,0.2145987419063966,0.6657450936998018
26883,0.11656088047424791,0.2313086279712618,0.65213049155449
26884,0.10051015796870424,0.23031739604026075,0.6691724459910351
26885,0.09069129898346019,0.2008892041147925,0.7084194969017473
26886,0.1081359876273966,0.24783558003419048,0.6440284323384127
26887,0.11122612998971429,0.19142259866256245,0.6973512713477232
26888,0.10624941154928177,0.21692330425395787,0.6768272841967601
26889,0.10332893577437927,0.21671405507234515,0.6799570091532754
26890,0.10415776618710719,0.2024238071764398,0.693418426636453
26891,0.10471611470658851,0.21999451979463608,0.6752893654987755
26892,0.12189565448042305,0.2151437375773857,0.6629606079421911
26893,0.11227857156366561,0.22597532143619442,0.6617461070001398
26894,0.11409023758799375,0.20639637501414101,0.6795133873978652
26895,0.10827402654566427,0.21205560643911378,0.6796703670152219
26896,0.1083326134135552,0.21845681472333936,0.6732105718631052
26897,0.1009547982940852,0.1986530701963944,0.7003921315095203
26898,0.09656025772859134,0.1928855959674194,0.7105541463039893
26899,0.1258083549188442,0.23019807631305955,0.6439935687680963
26900,0.1175067712369255,0.20920081215727343,0.673292416605801
26901,0.10136075113839586,0.2159856227146808,0.6826536261469234
26902,0.10225572963985621,0.20667816491980712,0.6910661054403369
26903,0.09645813431727228,0.2258426525801161,0.6776992131026118
26904,0.11749080244819274,0.1926585248404642,0.6898506727113429
26905,0.12504501940719295,0.21514745223698065,0.6598075283558263
26906,0.10177260594597022,0.19496839809627192,0.7032589959577578
26907,0.10273746083572133,0.21486095475514827,0.6824015844091302
26908,0.10273746083572133,0.21486095475514827,0.6824015844091302
26909,0.11756368891276008,0.22453374690730343,0.6579025641799363
26910,0.08815274147493268,0.20985706267584409,0.7019901958492232
26911,0.09913606210385503,0.2204086447484866,0.6804552931476583
26912,0.11546577322379925,0.21387782386693158,0.670656402909269
26913,0.09069129898346019,0.2008892041147925,0.7084194969017473
26914,0.09711468813996103,0.2085148054057789,0.69437050645426
26915,0.10953615068912918,0.22007375526931158,0.6703900940415591
26916,0.10500224568023589,0.24647455695040915,0.6485231973693548
26917,0.10613048863587742,0.2007387520077002,0.6931307593564222
26918,0.10763380282601501,0.2039899033843664,0.6883762937896185
26919,0.15311639496889742,0.21820745486799692,0.6286761501631057
26920,0.10622095826281083,0.23688189755943814,0.6568971441777508
26921,0.11401138535926592,0.21906232617566102,0.6669262884650731
26922,0.11071770075526213,0.25082926819126294,0.6384530310534748
26923,0.11137505432268462,0.21021740715853182,0.6784075385187835
26924,0.10273746083572133,0.21486095475514827,0.6824015844091302
26925,0.10830713054999228,0.21467462248122207,0.6770182469687855
26926,0.09524988186358067,0.21832436300121713,0.6864257551352022
26927,0.11227857156366561,0.22597532143619442,0.6617461070001398
26928,0.10844396750803251,0.1944008596014252,0.6971551728905425
26929,0.09358587658250425,0.20750897643540078,0.698905146982095
26930,0.09574347748176137,0.20750588787045238,0.696750634647786
26931,0.09499266048644389,0.2103975642571343,0.6946097752564218
26932,0.11256392066668885,0.22521115634163064,0.6622249229916805
26933,0.11925523849121278,0.23421657875858135,0.6465281827502058
26934,0.11385234748935864,0.2141113716257444,0.6720362808848969
26935,0.09499266048644389,0.2103975642571343,0.6946097752564218
26936,0.11209544129608759,0.21069331469076463,0.6772112440131477
26937,0.112773166704525,0.2009455421981412,0.6862812910973337
26938,0.119431737901413,0.19493536531367184,0.685632896784915
26939,0.10549932061898064,0.1961055614110242,0.698395117969995
26940,0.10995282270430798,0.19768040952912325,0.6923667677665686
26941,0.105160226435419,0.20690101451386483,0.6879387590507162
26942,0.11044295941171467,0.28189749720949353,0.6076595433787917
26943,0.12363654531183284,0.2369742840523663,0.6393891706358008
26944,0.12370921667448516,0.2323262247122165,0.6439645586132984
26945,0.13127273058426486,0.22116067799510336,0.6475665914206317
26946,0.1244967512992918,0.21273533289242716,0.662767915808281
26947,0.11511358831581572,0.20873344323158033,0.6761529684526039
26948,0.09499266048644389,0.2103975642571343,0.6946097752564218
26949,0.11705559961794405,0.20778718032051388,0.6751572200615421
26950,0.10613048863587742,0.2007387520077002,0.6931307593564222
26951,0.11288429366280259,0.230016700486062,0.6570990058511355
26952,0.09499266048644389,0.2103975642571343,0.6946097752564218
26953,0.10020739419917424,0.18541442622627388,0.7143781795745515
26954,0.11618069411483219,0.23325798464173989,0.6505613212434281
26955,0.10377981108504744,0.19745373977221908,0.6987664491427334
26956,0.13136074008282597,0.20185106551908394,0.6667881943980902
26957,0.10265115843791024,0.20327918032520062,0.6940696612368891
26958,0.10342131335817506,0.22637141341932443,0.6702072732225004
26959,0.10932770653456667,0.20882244507552034,0.6818498483899129
26960,0.10967669777018525,0.23056673018098914,0.6597565720488257
26961,0.11826681833159125,0.20605761305291828,0.6756755686154904
26962,0.08893439234605101,0.21648518277143106,0.6945804248825179
26963,0.10474390908592908,0.24204855994587854,0.6532075309681924
26964,0.10745308022919772,0.21067016827450993,0.6818767514962922
26965,0.08893439234605101,0.21648518277143106,0.6945804248825179
26966,0.1083326134135552,0.21845681472333936,0.6732105718631052
26967,0.11347180546778171,0.22910169307585765,0.6574265014563607
26968,0.11078144725328629,0.20642298646202492,0.6827955662846886
26969,0.10807231183014525,0.2177449941133192,0.6741826940565354
26970,0.08854450315962817,0.21584834728966448,0.6956071495507072
26971,0.10418772040775656,0.21812104225060908,0.6776912373416344
26972,0.12027311237907574,0.2135914220159246,0.6661354656049996
26973,0.10477763925325076,0.21370267092944104,0.6815196898173081
26974,0.11960266337861877,0.21547150107708765,0.6649258355442934
26975,0.1080717246620054,0.18766671256835873,0.7042615627696358
26976,0.09774295839094718,0.22671145914456145,0.6755455824644911
26977,0.11039534152425882,0.22631939651950694,0.6632852619562343
26978,0.119431737901413,0.19493536531367184,0.685632896784915
26979,0.0909444268471283,0.18293053989034186,0.72612503326253
26980,0.09063012941059494,0.1821466688861497,0.7272232017032556
26981,0.10301594173461193,0.22785479832837705,0.669129259937011
26982,0.10983851797414164,0.2488807302401017,0.6412807517857566
26983,0.09499266048644389,0.2103975642571343,0.6946097752564218
26984,0.12660541172800102,0.194854894626903,0.6785396936450958
26985,0.10589882998501081,0.22293107855585365,0.6711700914591355
26986,0.09741073777105375,0.1869356070055553,0.715653655223391
26987,0.10273746083572133,0.21486095475514827,0.6824015844091302
26988,0.1251692222816549,0.23149907569554956,0.6433317020227955
26989,0.11102175007337,0.24520147462240618,0.6437767753042236
26990,0.1067054061776667,0.20909721048283045,0.6841973833395028
26991,0.1041042039750463,0.1843253297372838,0.7115704662876697
26992,0.10037703183583908,0.22797019463124685,0.6716527735329139
26993,0.09499266048644389,0.2103975642571343,0.6946097752564218
26994,0.11869407896411102,0.2263717708551924,0.6549341501806965
26995,0.1080763947498391,0.25168429786817825,0.6402393073819825
26996,0.10956359407913385,0.2183073793456111,0.672129026575255
26997,0.10968007243891786,0.25674200054367197,0.6335779270174102
26998,0.12294251732176287,0.2212814711598535,0.6557760115183836
26999,0.1185768723751472,0.22941314900551418,0.6520099786193383
27000,0.10223141278496764,0.21710455461217518,0.680664032602857
27001,0.11647302978895668,0.2371547366582536,0.6463722335527897
27002,0.10414187159889213,0.21927144894660106,0.6765866794545067
27003,0.11785250664067562,0.19807588933974243,0.6840716040195821
27004,0.09753134304060165,0.21026669260373035,0.6922019643556678
27005,0.12053429917926639,0.21222177808914444,0.6672439227315892
27006,0.10816770090021018,0.2001172098909893,0.6917150892088005
27007,0.11280251841250447,0.20257357220079159,0.6846239093867038
27008,0.12197242122590132,0.21742467350183864,0.6606029052722601
27009,0.11980002094985827,0.2360048424745033,0.6441951365756384
27010,0.10802271218071605,0.2268846389155769,0.665092648903707
27011,0.10863312442526094,0.23840049692506868,0.6529663786496702
27012,0.12247643028332256,0.2129910959588499,0.6645324737578274
27013,0.11267671107235726,0.181658430610169,0.7056648583174736
27014,0.10745308022919772,0.21067016827450993,0.6818767514962922
27015,0.11526618148609444,0.2042879924151443,0.6804458260987611
27016,0.12305703147755723,0.20688030151342054,0.6700626670090222
27017,0.11312629861182795,0.20016365557173005,0.6867100458164419
27018,0.11120603716546187,0.19941430480658934,0.6893796580279488
27019,0.10844396750803251,0.1944008596014252,0.6971551728905425
27020,0.11255444669782604,0.24641824064432613,0.6410273126578477
27021,0.10195901998802463,0.23639228068159163,0.6616486993303837
27022,0.12027311237907574,0.2135914220159246,0.6661354656049996
27023,0.1200523681992208,0.1978753042132169,0.6820723275875624
27024,0.10820135137442595,0.2116702022928703,0.6801284463327038
27025,0.09499266048644389,0.2103975642571343,0.6946097752564218
27026,0.10780953535535216,0.23343744508803094,0.6587530195566167
27027,0.12329623335293796,0.22766538070875111,0.6490383859383111
27028,0.11497690531910491,0.21059034436089244,0.6744327503200025
27029,0.10342131335817506,0.22637141341932443,0.6702072732225004
27030,0.12112883987457446,0.2828445729568762,0.5960265871685491
27031,0.1205563570331416,0.2263269274431417,0.6531167155237166
27032,0.1117966718133769,0.21100068530463106,0.6772026428819921
27033,0.10940253969882689,0.2192051717408267,0.6713922885603463
27034,0.10374365193108534,0.20963407340604254,0.6866222746628718
27035,0.11339991018440995,0.2014302570043191,0.6851698328112708
27036,0.12623688037058844,0.2423853519526134,0.6313777676767982
27037,0.11213922140227328,0.2060774742796688,0.6817833043180578
27038,0.12155685468792606,0.21907541316434104,0.6593677321477329
27039,0.09457462746426962,0.21116092322727487,0.6942644493084555
27040,0.09358587658250425,0.20750897643540078,0.698905146982095
27041,0.09253141413309508,0.20561212352741834,0.7018564623394866
27042,0.11000421298996013,0.21041995731181312,0.6795758296982267
27043,0.08815274147493268,0.20985706267584409,0.7019901958492232
27044,0.11227857156366561,0.22597532143619442,0.6617461070001398
27045,0.11227857156366561,0.22597532143619442,0.6617461070001398
27046,0.10062843468646294,0.20939818693350798,0.689973378380029
27047,0.1085566754580805,0.2174500889930086,0.6739932355489107
27048,0.10613048863587742,0.2007387520077002,0.6931307593564222
27049,0.11803938670924552,0.23239298414289317,0.6495676291478611
27050,0.10752200057303056,0.23620328216697373,0.6562747172599958
27051,0.08811410191828797,0.20610078901267775,0.7057851090690341
27052,0.11006619383496068,0.22916919359941326,0.6607646125656259
27053,0.10972557833589067,0.186737423637878,0.7035369980262314
27054,0.10003576377717271,0.19169713208544942,0.7082671041373778
27055,0.09976205649896422,0.20315353983137707,0.6970844036696586
27056,0.09453505484448413,0.1919429681489473,0.7135219770065684
27057,0.10153769519857961,0.22779273306409692,0.6706695717373233
27058,0.10273746083572133,0.21486095475514827,0.6824015844091302
27059,0.0979477626403922,0.21341446107400341,0.6886377762856045
27060,0.10871608193245774,0.26352190346185705,0.627762014605685
27061,0.11208604031361635,0.23829225665873383,0.6496217030276499
27062,0.08893439234605101,0.21648518277143106,0.6945804248825179
27063,0.10710544194426055,0.20745677994033346,0.685437778115406
27064,0.1083355746000979,0.19346573920701665,0.6981986861928853
27065,0.11478495211633608,0.27695145015238626,0.6082635977312775
27066,0.11274473112495827,0.24367789555507402,0.6435773733199676
27067,0.09724562131249742,0.22010412422643735,0.6826502544610652
27068,0.11965616439380158,0.2145987419063966,0.6657450936998018
27069,0.10330689218329325,0.2079325910853119,0.6887605167313948
27070,0.1017000785371434,0.18063367970589458,0.7176662417569618
27071,0.12399842543577418,0.18833860342113998,0.6876629711430859
27072,0.10094731846343874,0.20209181999818931,0.6969608615383718
27073,0.12045432994990649,0.22315430396312333,0.65639136608697
27074,0.11422561903996038,0.22782897382880246,0.6579454071312371
27075,0.115281113087863,0.21981289327143533,0.6649059936407016
27076,0.10484188003530534,0.24778638984319526,0.6473717301214992
27077,0.11318504368530587,0.2313079316788647,0.6555070246358293
