index,0,1,2
26457,0.038793120102698156,0.14331619449831035,0.8178906853989915
26458,0.04014124038194318,0.18602934243370622,0.7738294171843506
26459,0.03555976716102495,0.21337261056467352,0.7510676222743016
26460,0.21069381135009718,0.09426534619235062,0.6950408424575522
26461,0.04827843004721102,0.17710488594433174,0.7746166840084572
26462,0.04521852804371429,0.1920806102058948,0.762700861750391
26463,0.226493548848143,0.12314766723018136,0.6503587839216757
26464,0.03970482529863231,0.18210810946496309,0.7781870652364047
26465,0.0346664593304792,0.17292505329786775,0.792408487371653
26466,0.03875413364397991,0.24060342139017493,0.7206424449658451
26467,0.03836052379643566,0.17302153734414227,0.7886179388594219
26468,0.05226101021264053,0.1975346843847035,0.7502043054026559
26469,0.042387705822951885,0.1869088255841636,0.7707034685928844
26470,0.03746569798619691,0.14446706170895454,0.8180672403048485
26471,0.035438009307900344,0.14090360135830737,0.8236583893337922
26472,0.03439818355612903,0.16606508528248953,0.7995367311613816
26473,0.035438009307900344,0.14090360135830737,0.8236583893337922
26474,0.03836052379643566,0.17302153734414227,0.7886179388594219
26475,0.047566603329621454,0.23884678255938155,0.7135866141109969
26476,0.05776970183142791,0.3584787985123322,0.5837514996562397
26477,0.03876889042818996,0.17291154936424985,0.7883195602075601
26478,0.23903250052276298,0.12486530533106399,0.6361021941461731
26479,0.25578992030801,0.11306160551715705,0.6311484741748329
26480,0.22292976340172638,0.20023063165995633,0.5768396049383173
26481,0.19682498617213823,0.22592914268440323,0.5772458711434585
26482,0.21577796053240128,0.24426024902452323,0.5399617904430754
26483,0.035412929068060775,0.22116660883250988,0.7434204620994292
26484,0.05945111413498973,0.15528901210454363,0.7852598737604667
26485,0.03704867344037114,0.21279682396416527,0.7501545025954636
26486,0.03746569798619691,0.14446706170895454,0.8180672403048485
26487,0.18639298652589403,0.09135627168611796,0.722250741787988
26488,0.03739433616751588,0.18961932703658305,0.7729863367959011
26489,0.03885137026097084,0.15280539183780015,0.808343237901229
26490,0.04088054645302238,0.1809703542651178,0.7781490992818598
26491,0.03555976716102495,0.21337261056467352,0.7510676222743016
26492,0.18372473261910943,0.08965045851509611,0.7266248088657944
26493,0.03948388744891908,0.20810605780651037,0.7524100547445706
26494,0.035974007892143285,0.11715928442385566,0.846866707684001
26495,0.0447612785022367,0.18720447057634929,0.7680342509214141
26496,0.03885137026097084,0.15280539183780015,0.808343237901229
26497,0.19693620996138286,0.14016777107284079,0.6628960189657763
26498,0.055991438562155924,0.33919348278209543,0.6048150786557487
26499,0.035438009307900344,0.14090360135830737,0.8236583893337922
26500,0.23280069133168163,0.1481386175712693,0.6190606910970491
26501,0.06665937469499006,0.15125365410376257,0.7820869712012473
26502,0.13022987289246452,0.2449345516992117,0.6248355754083239
26503,0.23755890013464884,0.12124613930870727,0.6411949605566438
26504,0.06999732386622673,0.25343069515378086,0.6765719809799924
26505,0.20640014119247213,0.11892872900867164,0.6746711297988561
26506,0.3074343130768872,0.10912759937101593,0.5834380875520968
26507,0.040927758977447,0.16573095288681533,0.7933412881357376
26508,0.08288533048176486,0.23177867158712853,0.6853359979311067
26509,0.2155955546751614,0.12027610595886809,0.6641283393659705
26510,0.19075063758835845,0.12207861926692384,0.6871707431447176
26511,0.03824525542226172,0.13846942432858395,0.8232853202491544
26512,0.03526933687278987,0.13781730060650865,0.8269133625207014
26513,0.045937016349042556,0.2647436247366436,0.6893193589143138
26514,0.0359596604128539,0.1458713066684827,0.8181690329186633
26515,0.04025612289717141,0.14268795970985862,0.81705591739297
26516,0.03885137026097084,0.15280539183780015,0.808343237901229
26517,0.04604934734741324,0.22455385436861902,0.7293967982839678
26518,0.03876889042818996,0.17291154936424985,0.7883195602075601
26519,0.03739433616751588,0.18961932703658305,0.7729863367959011
26520,0.03852461484497234,0.22308060230048996,0.7383947828545377
26521,0.04461296503436139,0.17764324234913745,0.7777437926165012
26522,0.04862546706518173,0.2338495401590391,0.7175249927757792
26523,0.03876889042818996,0.17291154936424985,0.7883195602075601
26524,0.03661594203514743,0.31995821230457605,0.6434258456602764
26525,0.035438009307900344,0.14090360135830737,0.8236583893337922
26526,0.03876889042818996,0.17291154936424985,0.7883195602075601
26527,0.18511266761291814,0.08952059597398279,0.725366736413099
26528,0.04300623855744725,0.19461692880068648,0.7623768326418662
26529,0.17968791370859613,0.09347196904926496,0.7268401172421389
26530,0.04117804142096686,0.15838767517883942,0.8004342834001937
26531,0.18973518391765534,0.09592888718800506,0.7143359288943396
26532,0.035438009307900344,0.14090360135830737,0.8236583893337922
26533,0.032455433130148904,0.14973691478746043,0.8178076520823906
26534,0.035860833714764506,0.14469418292597375,0.8194449833592617
26535,0.06832403184224164,0.17611135806625938,0.755564610091499
26536,0.17376837958051056,0.1051312527009218,0.7211003677185677
26537,0.055163398864154445,0.20995429338943014,0.7348823077464154
26538,0.06998430553265089,0.17392135486314167,0.7560943396042075
26539,0.035438009307900344,0.14090360135830737,0.8236583893337922
26540,0.04649735077969688,0.14983182419838142,0.8036708250219217
26541,0.035438009307900344,0.14090360135830737,0.8236583893337922
26542,0.04534969528730155,0.20488140668201718,0.7497688980306814
26543,0.22223432606187132,0.2335005314680878,0.5442651424700408
26544,0.5612945465434501,0.10048061003371003,0.33822484342283987
26545,0.03791238898905104,0.16236977162209404,0.7997178393888549
26546,0.041534252615737066,0.18437614151680176,0.7740896058674612
26547,0.22109052267521095,0.1757568083975559,0.6031526689272331
26548,0.045705057502355054,0.16100634873917669,0.7932885937584683
26549,0.06283191910503823,0.1931107218202405,0.7440573590747214
26550,0.04909974241892658,0.1939262719065079,0.7569739856745654
26551,0.251266762099741,0.12656678453654,0.6221664533637189
26552,0.04182466501591712,0.20261831107361875,0.7555570239104642
26553,0.05323930877259514,0.1917208593234612,0.7550398319039437
26554,0.05637170847031533,0.26218578547799565,0.6814425060516889
26555,0.05485603860191044,0.2161383943092768,0.7290055670888128
26556,0.17591659565124465,0.12900979686450495,0.6950736074842505
26557,0.0498724640068793,0.2533428773966279,0.6967846585964929
26558,0.04441080250118383,0.21725992982505815,0.7383292676737582
26559,0.045370983828638564,0.1962170928012435,0.7584119233701181
26560,0.04252014944460642,0.24858085563316953,0.7088989949222242
26561,0.05346116986991141,0.18889695091439007,0.7576418792156985
26562,0.0424102835301969,0.1513784276059977,0.8062112888638054
26563,0.05200529137803199,0.15918323290397576,0.7888114757179921
26564,0.07278012058158419,0.1872031717288471,0.7400167076895687
26565,0.05446266907103052,0.25927361513408576,0.6862637157948839
26566,0.034776665108781704,0.1255061684405041,0.8397171664507141
26567,0.035438009307900344,0.14090360135830737,0.8236583893337922
26568,0.2308636985402201,0.134725127492691,0.6344111739670888
26569,0.029445164469399134,0.2112803205937966,0.7592745149368042
26570,0.05444074938891001,0.24091947585153167,0.7046397747595583
26571,0.21138265639501644,0.09873825255880939,0.6898790910461743
26572,0.040927758977447,0.16573095288681533,0.7933412881357376
26573,0.18814610535993556,0.08240281278393054,0.7294510818561338
26574,0.044984638536569664,0.14408750342654622,0.810927858036884
26575,0.3816601003597529,0.14039279674896554,0.4779471028912815
26576,0.18535487567390918,0.09343605516261548,0.7212090691634753
26577,0.20640014119247213,0.11892872900867164,0.6746711297988561
26578,0.03578686622077838,0.13815623569571459,0.8260568980835071
26579,0.04521135100033613,0.1871254832289472,0.7676631657707167
26580,0.0585267803984028,0.29341630818627296,0.6480569114153243
26581,0.07099167248753625,0.1846288461874635,0.7443794813250003
26582,0.2155955546751614,0.12027610595886809,0.6641283393659705
26583,0.035860833714764506,0.14469418292597375,0.8194449833592617
26584,0.0398005880696511,0.12265129877030248,0.8375481131600464
26585,0.04601701546913044,0.17550182303439363,0.7784811614964758
26586,0.2575393427735123,0.12291188352426567,0.619548773702222
26587,0.045289153981793714,0.20985661821876062,0.7448542277994458
26588,0.08394404973336862,0.2792783762136891,0.6367775740529423
26589,0.03885137026097084,0.15280539183780015,0.808343237901229
26590,0.19012353774399232,0.1181243225934608,0.6917521396625469
26591,0.06941477361001425,0.22829973681651103,0.7022854895734747
26592,0.1863599363138265,0.11343999496239632,0.7002000687237773
26593,0.03455479172385993,0.15957011172620034,0.8058750965499397
26594,0.04172053771442008,0.15501899752573725,0.8032604647598426
26595,0.04909974241892658,0.1939262719065079,0.7569739856745654
26596,0.06208672544087822,0.2618309603941471,0.6760823141649748
26597,0.03292840130896865,0.13269832959515607,0.8343732690958754
26598,0.03455479172385993,0.15957011172620034,0.8058750965499397
26599,0.03834965753396148,0.17792903151308842,0.78372131095295
26600,0.054125925416600315,0.18704658071646763,0.758827493866932
26601,0.03876889042818996,0.17291154936424985,0.7883195602075601
26602,0.10851332190190474,0.17340080210108338,0.7180858759970118
26603,0.1773090242323233,0.11341647778601689,0.7092744979816598
26604,0.04088054645302238,0.1809703542651178,0.7781490992818598
26605,0.035438009307900344,0.14090360135830737,0.8236583893337922
26606,0.05751507523027279,0.20388991404154852,0.7385950107281787
26607,0.035974007892143285,0.11715928442385566,0.846866707684001
26608,0.05384346274125519,0.22724209645559618,0.7189144408031486
26609,0.21599024417308615,0.10480951577770073,0.6792002400492131
26610,0.045603549200711,0.18717645841668434,0.7672199923826047
26611,0.09586134520432588,0.22962405115419168,0.6745146036414824
26612,0.18801782883774684,0.1575251685690648,0.6544570025931884
26613,0.06696660704166706,0.31628044395779137,0.6167529490005416
26614,0.03948388744891908,0.20810605780651037,0.7524100547445706
26615,0.039551505554644026,0.15143818003349876,0.8090103144118572
26616,0.2048880413874298,0.11808829092638755,0.6770236676861827
26617,0.2088110680330182,0.10606519389107938,0.6851237380759024
26618,0.03970482529863231,0.18210810946496309,0.7781870652364047
26619,0.044194237502215086,0.21541467897406785,0.740391083523717
26620,0.035438009307900344,0.14090360135830737,0.8236583893337922
26621,0.2093882929796253,0.10236660315470432,0.6882451038656703
26622,0.0837496890994713,0.24439273494116254,0.6718575759593662
26623,0.03555976716102495,0.21337261056467352,0.7510676222743016
26624,0.040927758977447,0.16573095288681533,0.7933412881357376
26625,0.035438009307900344,0.14090360135830737,0.8236583893337922
26626,0.039365597351825196,0.16670272091659197,0.7939316817315827
26627,0.06098752640413028,0.2960967719315074,0.6429157016643623
26628,0.041890706950148515,0.14895027181327997,0.8091590212365716
26629,0.20118002649731714,0.09928391020398238,0.6995360632987006
26630,0.05068103623488211,0.15848049018606775,0.7908384735790502
26631,0.4112314037534356,0.09870131532124463,0.4900672809253198
26632,0.05050027101871711,0.12422912240275814,0.8252706065785247
26633,0.049706779051024226,0.16286031967152664,0.787432901277449
26634,0.04030238672086084,0.241547811300451,0.7181498019786883
26635,0.16976959548777054,0.11287461139335156,0.717355793118878
26636,0.04144687042555283,0.1780113131843786,0.7805418163900686
26637,0.195447506422521,0.09734770674514306,0.707204786832336
26638,0.18269750551649408,0.2019015139028267,0.6154009805806793
26639,0.043130457968853085,0.14356833885218748,0.8133012031789594
26640,0.03900496223324078,0.17106967204445597,0.7899253657223032
26641,0.22892095506707308,0.1618894189505757,0.6091896259823512
26642,0.17239943578891403,0.08415452559044738,0.7434460386206385
26643,0.03518130228835348,0.18990839824139097,0.7749102994702556
26644,0.038493474757153104,0.16227402945600983,0.7992324957868371
26645,0.05637170847031533,0.26218578547799565,0.6814425060516889
26646,0.07347523131805929,0.15049361127844163,0.7760311574034991
26647,0.06400946741339845,0.2880965527330236,0.6478939798535779
26648,0.06781938937250676,0.18522039688601305,0.7469602137414803
26649,0.17968791370859613,0.09347196904926496,0.7268401172421389
26650,0.04032555478317522,0.19076262222646204,0.7689118229903628
26651,0.18948824643264414,0.16301533623778322,0.6474964173295726
26652,0.07245674610566354,0.19602294457948083,0.7315203093148557
26653,0.17177916476715324,0.08301050582915197,0.7452103294036947
26654,0.04172053771442008,0.15501899752573725,0.8032604647598426
26655,0.03555976716102495,0.21337261056467352,0.7510676222743016
26656,0.05346116986991141,0.18889695091439007,0.7576418792156985
26657,0.20640014119247213,0.11892872900867164,0.6746711297988561
26658,0.03876889042818996,0.17291154936424985,0.7883195602075601
26659,0.047442385216114366,0.21472510527217986,0.7378325095117058
26660,0.03702661424924958,0.13682003416737568,0.8261533515833748
26661,0.05514641394319235,0.22787726325874788,0.7169763227980598
26662,0.03309370299164831,0.20106570358445391,0.7658405934238978
26663,0.04395022890443754,0.11912011315530886,0.8369296579402535
26664,0.03636544347611061,0.26043012922016623,0.7032044273037231
26665,0.04802008378493975,0.24355702968726964,0.7084228865277905
26666,0.04643290894947659,0.17725243933259577,0.7763146517179278
26667,0.035438009307900344,0.14090360135830737,0.8236583893337922
26668,0.04345602625302241,0.20944995739271635,0.7470940163542613
26669,0.05068103623488211,0.15848049018606775,0.7908384735790502
26670,0.052585621524556356,0.15817462780193334,0.7892397506735103
26671,0.035974007892143285,0.11715928442385566,0.846866707684001
26672,0.05975438617597345,0.18548984540328456,0.7547557684207419
26673,0.26975371232224676,0.1475641296974687,0.5826821579802846
26674,0.21138265639501644,0.09873825255880939,0.6898790910461743
26675,0.0491071781446239,0.22818679632635086,0.7227060255290252
26676,0.05012076158334007,0.2244084995323136,0.7254707388843464
26677,0.07682389433044463,0.32241610992398184,0.6007599957455735
26678,0.04267612692891376,0.22749693149056016,0.7298269415805261
26679,0.5492863002202278,0.10659827274668736,0.34411542703308473
26680,0.1710850263750361,0.26351919220591413,0.5653957814190498
26681,0.0339985986389237,0.13774146057359155,0.8282599407874847
26682,0.035438009307900344,0.14090360135830737,0.8236583893337922
26683,0.17591659565124465,0.12900979686450495,0.6950736074842505
26684,0.04909974241892658,0.1939262719065079,0.7569739856745654
26685,0.04032847806400199,0.21616639969965687,0.7435051222363411
26686,0.03876889042818996,0.17291154936424985,0.7883195602075601
26687,0.035438009307900344,0.14090360135830737,0.8236583893337922
26688,0.260452798406427,0.13319133172337955,0.6063558698701935
26689,0.03876889042818996,0.17291154936424985,0.7883195602075601
26690,0.03958540543954938,0.1460202869221918,0.8143943076382589
26691,0.1715750459790494,0.11088770375126758,0.7175372502696831
26692,0.035412929068060775,0.22116660883250988,0.7434204620994292
26693,0.09036532190379809,0.21579686750968108,0.6938378105865208
26694,0.03900496223324078,0.17106967204445597,0.7899253657223032
26695,0.036873173193979154,0.17786381966206927,0.7852630071439517
26696,0.035438009307900344,0.14090360135830737,0.8236583893337922
26697,0.21211131334768973,0.10664297964005802,0.6812457070122522
26698,0.03885137026097084,0.15280539183780015,0.808343237901229
26699,0.08350781095950936,0.2289555372019722,0.6875366518385185
26700,0.17906801511345932,0.09334465351409608,0.7275873313724446
26701,0.19436891872399226,0.1106041192695472,0.6950269620064607
26702,0.06333276278648041,0.16765781901809743,0.7690094181954222
26703,0.038850358703063484,0.209544274796354,0.7516053665005824
26704,0.1883329404560329,0.09639360368185397,0.7152734558621131
26705,0.23342824308293278,0.17861129640501577,0.5879604605120515
26706,0.06608718513462843,0.21156094966526787,0.7223518652001036
26707,0.1718381381272902,0.07867775972542636,0.7494841021472834
26708,0.03292840130896865,0.13269832959515607,0.8343732690958754
26709,0.20118002649731714,0.09928391020398238,0.6995360632987006
26710,0.035438009307900344,0.14090360135830737,0.8236583893337922
26711,0.0424102835301969,0.1513784276059977,0.8062112888638054
26712,0.1739624946237545,0.09184363138354243,0.734193873992703
26713,0.18708894998939835,0.09572792692806817,0.7171831230825335
26714,0.035392692718967965,0.21956924503663977,0.7450380622443922
26715,0.045523408865554296,0.18100845549599287,0.7734681356384528
26716,0.06502799077652713,0.19555719566722177,0.739414813556251
26717,0.19223812885659916,0.10755063416699857,0.7002112369764023
26718,0.05055338289076235,0.1688804253242168,0.7805661917850208
26719,0.18639972414093026,0.12211109594013643,0.6914891799189332
26720,0.036258193740054,0.19428324329704302,0.7694585629629029
26721,0.038924313079134285,0.1489108077415827,0.812164879179283
26722,0.0837496890994713,0.24439273494116254,0.6718575759593662
26723,0.18263931578420683,0.11435274005020686,0.7030079441655863
26724,0.23949167150725695,0.10166077352775411,0.6588475549649889
26725,0.045937016349042556,0.2647436247366436,0.6893193589143138
26726,0.03555976716102495,0.21337261056467352,0.7510676222743016
26727,0.05226101021264053,0.1975346843847035,0.7502043054026559
26728,0.043130457968853085,0.14356833885218748,0.8133012031789594
26729,0.05819430638722238,0.22180596283699505,0.7199997307757826
26730,0.21772665758406387,0.29271491784375786,0.4895584245721783
26731,0.5398072814618475,0.07215322845241223,0.3880394900857402
26732,0.195447506422521,0.09734770674514306,0.707204786832336
26733,0.20473581763678514,0.19136212296410024,0.6039020593991145
26734,0.038793120102698156,0.14331619449831035,0.8178906853989915
26735,0.04096948550315245,0.17703397881549462,0.781996535681353
26736,0.06078710535654204,0.32827828897805406,0.6109346056654039
26737,0.046966500592420225,0.22103184468903309,0.7320016547185466
26738,0.04360912231182272,0.1705673191961207,0.7858235584920565
26739,0.047015259239625955,0.17082563682443447,0.7821591039359395
26740,0.049164063419775875,0.22335223889734737,0.7274836976828768
26741,0.05514641394319235,0.22787726325874788,0.7169763227980598
26742,0.03761567223705582,0.1810961541243711,0.7812881736385732
26743,0.03455479172385993,0.15957011172620034,0.8058750965499397
26744,0.18549191092329517,0.09761379094968822,0.7168942981270167
26745,0.035438009307900344,0.14090360135830737,0.8236583893337922
26746,0.059729846875279456,0.22628572666817517,0.7139844264565454
26747,0.08034827988917062,0.2933575667535004,0.6262941533573292
26748,0.07099167248753625,0.1846288461874635,0.7443794813250003
26749,0.08394404973336862,0.2792783762136891,0.6367775740529423
26750,0.06988793636756738,0.18443218524034694,0.7456798783920856
26751,0.18358172427538733,0.1828099166292794,0.6336083590953333
26752,0.08611975372316875,0.22070457489014522,0.6931756713866861
26753,0.03885137026097084,0.15280539183780015,0.808343237901229
26754,0.048689363764896756,0.20857367004413732,0.742736966190966
26755,0.04870460488590197,0.17091047552642433,0.7803849195876736
26756,0.0456357061992827,0.1784967655713781,0.7758675282293391
26757,0.03876889042818996,0.17291154936424985,0.7883195602075601
26758,0.19806274045290534,0.16482716947597414,0.6371100900711205
26759,0.18752668164513797,0.11508691369499764,0.6973864046598643
26760,0.05511784802827906,0.19228002872205702,0.7526021232496639
26761,0.18956339246647552,0.1255932682353732,0.6848433392981513
26762,0.03876889042818996,0.17291154936424985,0.7883195602075601
26763,0.04395023977771954,0.22803720189126028,0.7280125583310203
26764,0.05226101021264053,0.1975346843847035,0.7502043054026559
26765,0.2163342535453623,0.13667070507165952,0.6469950413829781
26766,0.07201897457215177,0.20930197701258618,0.7186790484152621
26767,0.04808989589103582,0.19058183757595454,0.7613282665330097
26768,0.041534252615737066,0.18437614151680176,0.7740896058674612
26769,0.03958540543954938,0.1460202869221918,0.8143943076382589
26770,0.03905068377587557,0.18515986402254211,0.7757894522015825
26771,0.19885629191055415,0.12132370404900647,0.6798200040404394
26772,0.03498200352660146,0.16324480416182158,0.801773192311577
26773,0.20256665741570407,0.10066178778844492,0.696771554795851
26774,0.24522048426525006,0.1728766741241201,0.5819028416106298
26775,0.045257070412764625,0.2333860189525196,0.7213569106347157
26776,0.07075229596577083,0.25088983763260775,0.6783578664016214
26777,0.3455979485244442,0.09446109320288106,0.5599409582726746
26778,0.18814610535993556,0.08240281278393054,0.7294510818561338
26779,0.03555976716102495,0.21337261056467352,0.7510676222743016
26780,0.17269219109478734,0.10799121776218201,0.7193165911430307
26781,0.030814654319071978,0.200683566054422,0.768501779626506
26782,0.05419901557132156,0.2084887848486659,0.7373121995800126
26783,0.05140754928019107,0.1528960475195283,0.7956964032002807
26784,0.2163342535453623,0.13667070507165952,0.6469950413829781
26785,0.08394404973336862,0.2792783762136891,0.6367775740529423
26786,0.23916029116529103,0.17361451485620594,0.587225193978503
26787,0.18328222724700916,0.13029343255030662,0.6864243402026842
26788,0.05089249825371091,0.199416961523678,0.7496905402226112
26789,0.036414010426746836,0.17387078807942263,0.7897152014938307
26790,0.07106137719683589,0.23656284000903036,0.6923757827941337
26791,0.04909974241892658,0.1939262719065079,0.7569739856745654
26792,0.030925991086415545,0.2116534603742391,0.7574205485393455
26793,0.251266762099741,0.12656678453654,0.6221664533637189
26794,0.03958540543954938,0.1460202869221918,0.8143943076382589
26795,0.03876889042818996,0.17291154936424985,0.7883195602075601
26796,0.08042054078252149,0.2693672860192783,0.6502121731982002
26797,0.058672151735834545,0.2319214719896253,0.7094063762745402
26798,0.2493707385650532,0.2838138461854526,0.4668154152494942
26799,0.035438009307900344,0.14090360135830737,0.8236583893337922
26800,0.040387822599752606,0.2290256558824717,0.7305865215177757
26801,0.04345602625302241,0.20944995739271635,0.7470940163542613
26802,0.044047179714458075,0.14712408653880413,0.8088287337467378
26803,0.03555976716102495,0.21337261056467352,0.7510676222743016
26804,0.04899730305420454,0.22159804241492917,0.7294046545308663
26805,0.27275977496243264,0.11492857393194074,0.6123116511056266
26806,0.04152714984869576,0.16220613482029952,0.7962667153310047
26807,0.04521852804371429,0.1920806102058948,0.762700861750391
26808,0.25629604413458285,0.1170327098900413,0.6266712459753758
26809,0.17968791370859613,0.09347196904926496,0.7268401172421389
26810,0.03309370299164831,0.20106570358445391,0.7658405934238978
26811,0.04331470291048613,0.25078759275331114,0.7058977043362027
26812,0.03746569798619691,0.14446706170895454,0.8180672403048485
26813,0.050725614767029636,0.15151307901173455,0.7977613062212358
26814,0.05200529137803199,0.15918323290397576,0.7888114757179921
26815,0.036252900608539515,0.17111197235345593,0.7926351270380045
26816,0.035860833714764506,0.14469418292597375,0.8194449833592617
26817,0.17376837958051056,0.1051312527009218,0.7211003677185677
26818,0.03791238898905104,0.16236977162209404,0.7997178393888549
26819,0.22277111636995456,0.10606332139459644,0.6711655622354489
26820,0.03876889042818996,0.17291154936424985,0.7883195602075601
26821,0.20640014119247213,0.11892872900867164,0.6746711297988561
26822,0.04909974241892658,0.1939262719065079,0.7569739856745654
26823,0.06318670888085438,0.34337878149128304,0.5934345096278626
26824,0.06455187144070161,0.1940681657677735,0.741379962791525
26825,0.20513639150218985,0.16245218846621828,0.6324114200315918
26826,0.041534252615737066,0.18437614151680176,0.7740896058674612
26827,0.24472387448111804,0.11806184073611677,0.6372142847827651
26828,0.04277567275496135,0.14999213375190745,0.8072321934931311
26829,0.17855232710109983,0.0797000555192317,0.7417476173796684
26830,0.22199555709201646,0.1347555153711049,0.6432489275368787
26831,0.23356762613785,0.10840362852672243,0.6580287453354274
26832,0.03702661424924958,0.13682003416737568,0.8261533515833748
26833,0.07125826531363988,0.14624445874493625,0.7824972759414239
26834,0.04867346064798931,0.1810858390086449,0.7702407003433658
26835,0.04467999666630791,0.14738700575658825,0.8079329975771037
26836,0.06403482558901794,0.25883771174011727,0.6771274626708648
26837,0.079688587957786,0.23500573410186884,0.685305677940345
26838,0.06208672544087822,0.2618309603941471,0.6760823141649748
26839,0.03718910339929955,0.17032055261700352,0.7924903439836969
26840,0.03643265302318889,0.1802116405364617,0.7833557064403495
26841,0.05661926532607083,0.16584907408816577,0.7775316605857634
26842,0.035374192402062424,0.21737237867240294,0.7472534289255346
26843,0.19052331268735415,0.11404926550988177,0.6954274218027641
26844,0.059729846875279456,0.22628572666817517,0.7139844264565454
26845,0.5214014825841236,0.11897611397276409,0.35962240344311236
26846,0.05637170847031533,0.26218578547799565,0.6814425060516889
26847,0.07544167235857865,0.1559562877726331,0.7686020398687883
26848,0.06078710535654204,0.32827828897805406,0.6109346056654039
26849,0.04909974241892658,0.1939262719065079,0.7569739856745654
26850,0.04030238672086084,0.241547811300451,0.7181498019786883
26851,0.04230690530889447,0.1531264863833676,0.8045666083077381
26852,0.05180015895732563,0.2081231537380846,0.7400766873045899
26853,0.03929324242858271,0.170377209253799,0.7903295483176181
26854,0.044194237502215086,0.21541467897406785,0.740391083523717
26855,0.041534252615737066,0.18437614151680176,0.7740896058674612
26856,0.04502065174007173,0.20592517782891076,0.7490541704310176
26857,0.045370983828638564,0.1962170928012435,0.7584119233701181
26858,0.18849061517920768,0.1249164446184011,0.6865929402023913
26859,0.05346116986991141,0.18889695091439007,0.7576418792156985
26860,0.12546739233000936,0.3057465431728576,0.568786064497133
26861,0.20643263418208427,0.11812966932743944,0.6754376964904762
26862,0.03381157535808683,0.13303304846402453,0.8331553761778887
26863,0.1715750459790494,0.11088770375126758,0.7175372502696831
26864,0.19897094888740113,0.14965842674382954,0.6513706243687692
26865,0.20749060331695804,0.08872408318396445,0.7037853134990775
26866,0.23356762613785,0.10840362852672243,0.6580287453354274
26867,0.17968791370859613,0.09347196904926496,0.7268401172421389
26868,0.18021027143706983,0.11208260372325163,0.7077071248396786
26869,0.4328667263223367,0.05814354564084383,0.5089897280368194
26870,0.23681217881316527,0.13631594386508633,0.6268718773217483
26871,0.035438009307900344,0.14090360135830737,0.8236583893337922
26872,0.04214153233711988,0.2377125457397658,0.7201459219231143
26873,0.04029646225013616,0.31166820964788167,0.6480353281019822
26874,0.04909974241892658,0.1939262719065079,0.7569739856745654
26875,0.06505530621623731,0.282559550605996,0.6523851431777666
26876,0.03836617489489817,0.17767416161881616,0.7839596634862857
26877,0.04522194722819012,0.19568719857909814,0.7590908541927116
26878,0.30003529001648643,0.1943571758661312,0.5056075341173822
26879,0.06911182957590638,0.23950316827409343,0.6913850021500001
26880,0.1800017421568525,0.11492672220267217,0.7050715356404753
26881,0.041890706950148515,0.14895027181327997,0.8091590212365716
26882,0.04200724258195553,0.125526802378867,0.8324659550391775
26883,0.24381718753781928,0.1120516838459753,0.6441311286162054
26884,0.05351505179451331,0.18504333759328379,0.7614416106122028
26885,0.03555976716102495,0.21337261056467352,0.7510676222743016
26886,0.047273416871282725,0.21261576772405358,0.7401108154046636
26887,0.06482773149903429,0.1523334518776766,0.7828388166232891
26888,0.20618581168771458,0.11236743799416497,0.6814467503181205
26889,0.04155098227719904,0.16991915390505632,0.7885298638177446
26890,0.03702661424924958,0.13682003416737568,0.8261533515833748
26891,0.04300623855744725,0.19461692880068648,0.7623768326418662
26892,0.060095408268966255,0.17214088663243804,0.7677637050985957
26893,0.03885137026097084,0.15280539183780015,0.808343237901229
26894,0.03865230035334365,0.12161979489608252,0.8397279047505739
26895,0.04852540642370669,0.22525638610476287,0.7262182074715304
26896,0.06698481002755935,0.227855882514416,0.7051593074580247
26897,0.04261791473268221,0.1778081902636697,0.779573895003648
26898,0.0458806563255499,0.22169903413097708,0.732420309543473
26899,0.5629320957669599,0.12945076368189234,0.30761714055114775
26900,0.26219521384398176,0.09541026920224144,0.6423945169537768
26901,0.04962594867957093,0.23479897154145518,0.7155750797789739
26902,0.030186578333429127,0.13403370052098568,0.8357797211455852
26903,0.05007905149992979,0.1801960997610482,0.769724848739022
26904,0.05082742287258581,0.15593807330850218,0.7932345038189119
26905,0.21434317350331825,0.13033256775146945,0.6553242587452124
26906,0.04048716894274936,0.18028573126222405,0.7792270997950267
26907,0.03455479172385993,0.15957011172620034,0.8058750965499397
26908,0.03455479172385993,0.15957011172620034,0.8058750965499397
26909,0.2093882929796253,0.10236660315470432,0.6882451038656703
26910,0.04397606833018095,0.20932363269941975,0.7467002989703994
26911,0.03850457046944501,0.22456320688318154,0.7369322226473735
26912,0.06324738645017317,0.19865849144443673,0.7380941221053902
26913,0.03555976716102495,0.21337261056467352,0.7510676222743016
26914,0.04909974241892658,0.1939262719065079,0.7569739856745654
26915,0.22292976340172638,0.20023063165995633,0.5768396049383173
26916,0.04539463588091462,0.22567704608696365,0.7289283180321217
26917,0.17968791370859613,0.09347196904926496,0.7268401172421389
26918,0.04267612692891376,0.22749693149056016,0.7298269415805261
26919,0.1811482809926639,0.14114020702647376,0.6777115119808623
26920,0.055671794087508844,0.18401612974167872,0.7603120761708124
26921,0.20632298951789485,0.14163569682199045,0.6520413136601146
26922,0.05068103623488211,0.15848049018606775,0.7908384735790502
26923,0.04174577310698428,0.1499046612751827,0.808349565617833
26924,0.03455479172385993,0.15957011172620034,0.8058750965499397
26925,0.05055338289076235,0.1688804253242168,0.7805661917850208
26926,0.03579298055607165,0.20769833635529764,0.7565086830886307
26927,0.03885137026097084,0.15280539183780015,0.808343237901229
26928,0.03848429947073641,0.15225345393432987,0.8092622465949336
26929,0.03724461937183471,0.20236545165857667,0.7603899289695886
26930,0.04808989589103582,0.19058183757595454,0.7613282665330097
26931,0.03876889042818996,0.17291154936424985,0.7883195602075601
26932,0.23564195613602013,0.1804640434886346,0.5838940003753452
26933,0.09769834207486143,0.27962372165367433,0.6226779362714643
26934,0.2118266054233545,0.12202516537951127,0.6661482291971342
26935,0.03876889042818996,0.17291154936424985,0.7883195602075601
26936,0.24552695760244364,0.0954213647079454,0.659051677689611
26937,0.04756741178222616,0.1877233271003909,0.7647092611173829
26938,0.05200529137803199,0.15918323290397576,0.7888114757179921
26939,0.0395286532952756,0.22988287292796813,0.7305884737767563
26940,0.03799674548464406,0.1965287717929916,0.7654744827223643
26941,0.05836145835992427,0.2044040836747243,0.7372344579653516
26942,0.044194237502215086,0.21541467897406785,0.740391083523717
26943,0.26301407170047214,0.12146433104353056,0.6155215972559972
26944,0.2195426653334233,0.13591667109741126,0.6445406635691656
26945,0.044092703801038344,0.17386341394860289,0.7820438822503588
26946,0.19884823156370088,0.10819567082091122,0.6929560976153879
26947,0.045370983828638564,0.1962170928012435,0.7584119233701181
26948,0.03876889042818996,0.17291154936424985,0.7883195602075601
26949,0.03841505390862727,0.2377531155457835,0.7238318305455893
26950,0.17968791370859613,0.09347196904926496,0.7268401172421389
26951,0.1338100798173345,0.3251325520440681,0.5410573681385973
26952,0.03876889042818996,0.17291154936424985,0.7883195602075601
26953,0.08642919180114184,0.15702813741516217,0.756542670783696
26954,0.32284343641987656,0.19716537999932388,0.4799911835807997
26955,0.03958540543954938,0.1460202869221918,0.8143943076382589
26956,0.23208104820630396,0.12448272441348322,0.6434362273802128
26957,0.04311585213982516,0.1976190969754731,0.7592650508847018
26958,0.04144687042555283,0.1780113131843786,0.7805418163900686
26959,0.06244282058032739,0.19935724307776273,0.73819993634191
26960,0.04029646225013616,0.31166820964788167,0.6480353281019822
26961,0.2478971672383782,0.1131517652155403,0.6389510675460814
26962,0.04689027702140041,0.1752899608931006,0.777819762085499
26963,0.09036532190379809,0.21579686750968108,0.6938378105865208
26964,0.038885700464241404,0.13205934985872478,0.8290549496770339
26965,0.04689027702140041,0.1752899608931006,0.777819762085499
26966,0.06698481002755935,0.227855882514416,0.7051593074580247
26967,0.19415536937500616,0.11450175513168108,0.6913428754933127
26968,0.23230507427383623,0.1348082380494919,0.6328866876766719
26969,0.21105280405102844,0.12501970071140184,0.6639274952375696
26970,0.045088287524078105,0.1838622856976671,0.7710494267782548
26971,0.06696504532530409,0.19894989112600242,0.7340850635486935
26972,0.04152714984869576,0.16220613482029952,0.7962667153310047
26973,0.05514641394319235,0.22787726325874788,0.7169763227980598
26974,0.18675202810276623,0.10031234203005693,0.7129356298671767
26975,0.20159156765342318,0.1442385327301716,0.6541698996164051
26976,0.04899730305420454,0.22159804241492917,0.7294046545308663
26977,0.0540527938041247,0.17343977810268768,0.7725074280931877
26978,0.05200529137803199,0.15918323290397576,0.7888114757179921
26979,0.03205589233126156,0.16361454260346298,0.8043295650652755
26980,0.0346664593304792,0.17292505329786775,0.792408487371653
26981,0.059729846875279456,0.22628572666817517,0.7139844264565454
26982,0.04126860850998891,0.17533926612827244,0.7833921253617386
26983,0.03876889042818996,0.17291154936424985,0.7883195602075601
26984,0.20749060331695804,0.08872408318396445,0.7037853134990775
26985,0.03752800810987046,0.22012523901320735,0.7423467528769223
26986,0.03308432311448676,0.16838299664616513,0.7985326802393481
26987,0.03455479172385993,0.15957011172620034,0.8058750965499397
26988,0.22146888497502837,0.098913823023807,0.6796172920011647
26989,0.04909655692843655,0.14970592656187878,0.8011975165096847
26990,0.04467913677745798,0.22225892974472067,0.7330619334778213
26991,0.04072789239970178,0.17115627159566388,0.7881158360046342
26992,0.08211970364289228,0.2265965088835448,0.6912837874735629
26993,0.03876889042818996,0.17291154936424985,0.7883195602075601
26994,0.23790235232283638,0.18064845080299083,0.5814491968741728
26995,0.05021016155975788,0.22806766147434052,0.7217221769659016
26996,0.04248746371247093,0.17631518833525195,0.7811973479522771
26997,0.0530704453600927,0.2660381737850987,0.6808913808548086
26998,0.23356762613785,0.10840362852672243,0.6580287453354274
26999,0.03464245460455808,0.1623864400693507,0.8029711053260911
27000,0.08556781317075741,0.2510922209313008,0.6633399658979418
27001,0.06098752640413028,0.2960967719315074,0.6429157016643623
27002,0.18626810916790643,0.10969591927157411,0.7040359715605196
27003,0.2652424253057582,0.10289215611675684,0.6318654185774849
27004,0.050286043079724244,0.1896353350846919,0.7600786218355838
27005,0.15067773436386314,0.1210812683919797,0.7282409972441573
27006,0.5782487799250825,0.07542988774111785,0.3463213323337995
27007,0.04803410354560891,0.14771297998142957,0.8042529164729615
27008,0.5281634316691136,0.09859954759396852,0.3732370207369179
27009,0.18854489514801762,0.08230379123973401,0.7291513136122483
27010,0.04096948550315245,0.17703397881549462,0.781996535681353
27011,0.1200729411348029,0.2466628232945826,0.6332642355706144
27012,0.04201558768278392,0.14280177282415446,0.8151826394930616
27013,0.047015259239625955,0.17082563682443447,0.7821591039359395
27014,0.038885700464241404,0.13205934985872478,0.8290549496770339
27015,0.08510549050725737,0.18720979790793488,0.7276847115848077
27016,0.2307974497654312,0.14661825331902587,0.622584296915543
27017,0.041867373337196534,0.1589415596386381,0.7991910670241655
27018,0.04172211018308421,0.17094769842663565,0.7873301913902802
27019,0.03848429947073641,0.15225345393432987,0.8092622465949336
27020,0.2624769715682066,0.2790645528821078,0.45845847554968555
27021,0.0447663628561996,0.1640530390379732,0.7911805981058273
27022,0.04152714984869576,0.16220613482029952,0.7962667153310047
27023,0.1987197733414913,0.10249682108642791,0.6987834055720809
27024,0.0734067969248845,0.18258222986959932,0.7440109732055162
27025,0.03876889042818996,0.17291154936424985,0.7883195602075601
27026,0.274097947183395,0.111371513538958,0.614530539277647
27027,0.2246911708054072,0.10912771754939218,0.6661811116452006
27028,0.05050027101871711,0.12422912240275814,0.8252706065785247
27029,0.04144687042555283,0.1780113131843786,0.7805418163900686
27030,0.15122044845213292,0.3680550278406693,0.4807245237071978
27031,0.21931504250710726,0.1286771434233848,0.6520078140695079
27032,0.03834965753396148,0.17792903151308842,0.78372131095295
27033,0.195447506422521,0.09734770674514306,0.707204786832336
27034,0.04225585153128808,0.2254353226921087,0.7323088257766033
27035,0.04467999666630791,0.14738700575658825,0.8079329975771037
27036,0.6943933242713005,0.09523930288547315,0.21036737284322643
27037,0.05552720685833599,0.16327897323306167,0.7811938199086025
27038,0.2182371443080155,0.12472386400930902,0.6570389916826755
27039,0.03516011440535445,0.17232419440743402,0.7925156911872115
27040,0.03724461937183471,0.20236545165857667,0.7603899289695886
27041,0.06795413307362765,0.27375145597965334,0.658294410946719
27042,0.08302527047695135,0.275027778131432,0.6419469513916167
27043,0.04397606833018095,0.20932363269941975,0.7467002989703994
27044,0.03885137026097084,0.15280539183780015,0.808343237901229
27045,0.03885137026097084,0.15280539183780015,0.808343237901229
27046,0.07648622360230456,0.31111729764237583,0.6123964787553196
27047,0.045212023073394184,0.18534946988700693,0.7694385070395989
27048,0.17968791370859613,0.09347196904926496,0.7268401172421389
27049,0.24472387448111804,0.11806184073611677,0.6372142847827651
27050,0.047105385341042375,0.24382533135867854,0.709069283300279
27051,0.04155938620561751,0.22131734111496232,0.7371232726794201
27052,0.038854110784740534,0.15754001336232595,0.8036058758529336
27053,0.035242824453619245,0.128784517428837,0.8359726581175437
27054,0.26857006434401615,0.20344650015235546,0.5279834355036284
27055,0.07050163050295781,0.24363989310325024,0.6858584763937919
27056,0.03704867344037114,0.21279682396416527,0.7501545025954636
27057,0.04456229086723781,0.1772910246164918,0.7781466845162702
27058,0.03455479172385993,0.15957011172620034,0.8058750965499397
27059,0.0902975583489223,0.18384240934343138,0.7258600323076464
27060,0.11302986882017278,0.25276292188045996,0.6342072092993674
27061,0.05885111890510307,0.19678900609797817,0.7443598749969188
27062,0.04689027702140041,0.1752899608931006,0.777819762085499
27063,0.045705057502355054,0.16100634873917669,0.7932885937584683
27064,0.04180636822759416,0.15294779838147715,0.8052458333909287
27065,0.19693620996138286,0.14016777107284079,0.6628960189657763
27066,0.04254340101661776,0.1648990815254566,0.7925575174579256
27067,0.040927758977447,0.16573095288681533,0.7933412881357376
27068,0.04200724258195553,0.125526802378867,0.8324659550391775
27069,0.22317568993615589,0.13588024612974617,0.640944063934098
27070,0.10625707714727824,0.16812607459143686,0.7256168482612849
27071,0.23149421302102113,0.10024092566069971,0.668264861318279
27072,0.07682932857162025,0.27969896724103954,0.6434717041873401
27073,0.06400946741339845,0.2880965527330236,0.6478939798535779
27074,0.03292840130896865,0.13269832959515607,0.8343732690958754
